-0.000001 -0.000001 -0.000001 0.000000 0.000003 0.000006 0.000011 0.000017 0.000023 0.000030 0.000034 0.000035 0.000030 0.000020 0.000001 -0.000024 -0.000054 -0.000086 -0.000116 -0.000140 -0.000153 -0.000152 -0.000136 -0.000105 -0.000065 -0.000018 0.000029 0.000071 0.000102 0.000121 0.000126 0.000118 0.000101 0.000079 0.000054 0.000030 0.000011 -0.000004 -0.000013 -0.000018 -0.000019 -0.000017 -0.000014 -0.000010 -0.000007 -0.000004 -0.000002 -0.000001 0.000000 
-0.000001 -0.000001 0.000000 0.000003 0.000006 0.000012 0.000018 0.000026 0.000033 0.000039 0.000041 0.000036 0.000024 0.000002 -0.000030 -0.000068 -0.000111 -0.000152 -0.000185 -0.000205 -0.000207 -0.000188 -0.000149 -0.000092 -0.000026 0.000043 0.000106 0.000156 0.000187 0.000198 0.000189 0.000165 0.000130 0.000090 0.000052 0.000018 -0.000007 -0.000024 -0.000032 -0.000034 -0.000032 -0.000026 -0.000020 -0.000013 -0.000008 -0.000004 -0.000002 0.000000 0.000001 
-0.000001 0.000000 0.000003 0.000007 0.000012 0.000020 0.000028 0.000037 0.000044 0.000046 0.000042 0.000028 0.000002 -0.000036 -0.000084 -0.000138 -0.000192 -0.000238 -0.000268 -0.000275 -0.000253 -0.000203 -0.000128 -0.000036 0.000062 0.000154 0.000230 0.000281 0.000302 0.000293 0.000259 0.000207 0.000147 0.000085 0.000031 -0.000012 -0.000041 -0.000057 -0.000061 -0.000057 -0.000048 -0.000037 -0.000025 -0.000016 -0.000008 -0.000003 0.000000 0.000002 0.000002 
0.000000 0.000003 0.000007 0.000012 0.000020 0.000030 0.000039 0.000047 0.000051 0.000046 0.000031 0.000002 -0.000042 -0.000099 -0.000166 -0.000235 -0.000296 -0.000339 -0.000353 -0.000330 -0.000269 -0.000173 -0.000050 0.000086 0.000218 0.000330 0.000408 0.000446 0.000440 0.000395 0.000321 0.000231 0.000136 0.000050 -0.000020 -0.000069 -0.000097 -0.000106 -0.000100 -0.000086 -0.000066 -0.000047 -0.000029 -0.000016 -0.000006 0.000000 0.000003 0.000004 0.000004 
0.000003 0.000006 0.000012 0.000020 0.000030 0.000040 0.000049 0.000054 0.000050 0.000034 0.000002 -0.000047 -0.000114 -0.000194 -0.000279 -0.000357 -0.000415 -0.000439 -0.000417 -0.000346 -0.000225 -0.000066 0.000115 0.000297 0.000458 0.000576 0.000638 0.000640 0.000584 0.000482 0.000352 0.000211 0.000079 -0.000032 -0.000112 -0.000160 -0.000177 -0.000171 -0.000148 -0.000116 -0.000083 -0.000053 -0.000029 -0.000011 0.000000 0.000006 0.000008 0.000008 0.000007 
0.000006 0.000012 0.000020 0.000030 0.000040 0.000050 0.000056 0.000053 0.000037 0.000003 -0.000052 -0.000128 -0.000220 -0.000321 -0.000418 -0.000493 -0.000529 -0.000511 -0.000430 -0.000285 -0.000085 0.000150 0.000394 0.000616 0.000787 0.000886 0.000902 0.000837 0.000702 0.000520 0.000317 0.000120 -0.000049 -0.000176 -0.000255 -0.000288 -0.000281 -0.000248 -0.000198 -0.000144 -0.000093 -0.000051 -0.000020 0.000000 0.000011 0.000016 0.000016 0.000013 0.000010 
0.000011 0.000018 0.000028 0.000039 0.000049 0.000056 0.000054 0.000038 0.000003 -0.000055 -0.000138 -0.000242 -0.000359 -0.000474 -0.000567 -0.000619 -0.000607 -0.000519 -0.000349 -0.000106 0.000190 0.000506 0.000803 0.001043 0.001193 0.001233 0.001161 0.000990 0.000745 0.000462 0.000178 -0.000074 -0.000269 -0.000396 -0.000453 -0.000450 -0.000402 -0.000326 -0.000241 -0.000159 -0.000089 -0.000036 0.000000 0.000020 0.000029 0.000029 0.000025 0.000020 0.000014 
0.000017 0.000026 0.000037 0.000047 0.000054 0.000053 0.000038 0.000003 -0.000057 -0.000145 -0.000258 -0.000388 -0.000520 -0.000633 -0.000701 -0.000699 -0.000607 -0.000415 -0.000127 0.000233 0.000630 0.001015 0.001339 0.001556 0.001634 0.001563 0.001353 0.001034 0.000651 0.000255 -0.000107 -0.000398 -0.000594 -0.000691 -0.000697 -0.000632 -0.000522 -0.000391 -0.000261 -0.000149 -0.000061 0.000000 0.000036 0.000051 0.000053 0.000047 0.000037 0.000026 0.000017 
0.000023 0.000033 0.000044 0.000051 0.000050 0.000037 0.000003 -0.000057 -0.000147 -0.000266 -0.000406 -0.000554 -0.000684 -0.000770 -0.000780 -0.000688 -0.000477 -0.000149 0.000277 0.000760 0.001244 0.001666 0.001966 0.002098 0.002038 0.001792 0.001391 0.000890 0.000353 -0.000151 -0.000569 -0.000864 -0.001021 -0.001046 -0.000964 -0.000808 -0.000615 -0.000418 -0.000241 -0.000100 0.000000 0.000061 0.000089 0.000093 0.000083 0.000066 0.000048 0.000032 0.000019 
0.000030 0.000039 0.000046 0.000046 0.000034 0.000003 -0.000055 -0.000145 -0.000266 -0.000413 -0.000571 -0.000717 -0.000820 -0.000843 -0.000755 -0.000532 -0.000169 0.000318 0.000888 0.001477 0.002010 0.002409 0.002611 0.002577 0.002301 0.001814 0.001178 0.000476 -0.000207 -0.000791 -0.001218 -0.001462 -0.001522 -0.001424 -0.001213 -0.000938 -0.000647 -0.000379 -0.000160 0.000000 0.000100 0.000149 0.000159 0.000144 0.000116 0.000086 0.000057 0.000034 0.000018 
0.000034 0.000041 0.000042 0.000031 0.000002 -0.000052 -0.000138 -0.000258 -0.000406 -0.000571 -0.000729 -0.000846 -0.000884 -0.000804 -0.000575 -0.000185 0.000355 0.001006 0.001700 0.002350 0.002861 0.003150 0.003157 0.002863 0.002293 0.001513 0.000620 -0.000274 -0.001064 -0.001665 -0.002030 -0.002146 -0.002040 -0.001765 -0.001386 -0.000972 -0.000578 -0.000247 0.000000 0.000160 0.000241 0.000261 0.000241 0.000198 0.000148 0.000100 0.000061 0.000032 0.000013 
0.000035 0.000036 0.000028 0.000002 -0.000047 -0.000128 -0.000242 -0.000388 -0.000554 -0.000717 -0.000846 -0.000898 -0.000829 -0.000603 -0.000197 0.000384 0.001105 0.001897 0.002663 0.003293 0.003682 0.003749 0.003454 0.002810 0.001883 0.000784 -0.000352 -0.001388 -0.002206 -0.002731 -0.002933 -0.002833 -0.002489 -0.001986 -0.001414 -0.000855 -0.000371 0.000000 0.000247 0.000379 0.000418 0.000391 0.000326 0.000248 0.000171 0.000106 0.000057 0.000024 0.000004 
0.000030 0.000024 0.000002 -0.000042 -0.000114 -0.000220 -0.000359 -0.000520 -0.000684 -0.000820 -0.000884 -0.000829 -0.000613 -0.000204 0.000403 0.001176 0.002051 0.002924 0.003674 0.004173 0.004315 0.004038 0.003337 0.002272 0.000961 -0.000438 -0.001754 -0.002833 -0.003562 -0.003886 -0.003812 -0.003402 -0.002757 -0.001994 -0.001225 -0.000540 0.000000 0.000371 0.000578 0.000647 0.000615 0.000522 0.000402 0.000281 0.000177 0.000097 0.000041 0.000007 -0.000011 
0.000020 0.000002 -0.000036 -0.000099 -0.000194 -0.000321 -0.000474 -0.000633 -0.000770 -0.000843 -0.000804 -0.000603 -0.000204 0.000409 0.001214 0.002149 0.003113 0.003972 0.004583 0.004814 0.004576 0.003841 0.002656 0.001141 -0.000528 -0.002149 -0.003526 -0.004503 -0.004989 -0.004971 -0.004507 -0.003710 -0.002725 -0.001700 -0.000762 0.000000 0.000540 0.000855 0.000972 0.000938 0.000808 0.000632 0.000450 0.000288 0.000160 0.000069 0.000012 -0.000018 -0.000030 
0.000001 -0.000030 -0.000084 -0.000166 -0.000279 -0.000418 -0.000567 -0.000701 -0.000780 -0.000755 -0.000575 -0.000197 0.000403 0.001214 0.002183 0.003212 0.004163 0.004878 0.005205 0.005025 0.004284 0.003009 0.001313 -0.000618 -0.002552 -0.004253 -0.005517 -0.006210 -0.006284 -0.005787 -0.004838 -0.003610 -0.002288 -0.001041 0.000000 0.000762 0.001225 0.001414 0.001386 0.001213 0.000964 0.000697 0.000453 0.000255 0.000112 0.000020 -0.000031 -0.000052 -0.000054 
-0.000024 -0.000068 -0.000138 -0.000235 -0.000357 -0.000493 -0.000619 -0.000699 -0.000688 -0.000532 -0.000185 0.000384 0.001176 0.002149 0.003212 0.004228 0.005033 0.005455 0.005349 0.004633 0.003305 0.001465 -0.000700 -0.002937 -0.004972 -0.006552 -0.007490 -0.007700 -0.007202 -0.006116 -0.004635 -0.002984 -0.001380 0.000000 0.001041 0.001700 0.001994 0.001986 0.001765 0.001424 0.001046 0.000691 0.000396 0.000176 0.000032 -0.000050 -0.000085 -0.000090 -0.000079 
-0.000054 -0.000111 -0.000192 -0.000296 -0.000415 -0.000529 -0.000607 -0.000607 -0.000477 -0.000169 0.000355 0.001105 0.002051 0.003113 0.004163 0.005033 0.005541 0.005519 0.004855 0.003518 0.001584 -0.000769 -0.003277 -0.005634 -0.007541 -0.008757 -0.009144 -0.008687 -0.007494 -0.005769 -0.003772 -0.001772 0.000000 0.001380 0.002288 0.002725 0.002757 0.002489 0.002040 0.001522 0.001021 0.000594 0.000269 0.000049 -0.000079 -0.000136 -0.000147 -0.000130 -0.000101 
-0.000086 -0.000152 -0.000238 -0.000339 -0.000439 -0.000511 -0.000519 -0.000415 -0.000149 0.000318 0.001006 0.001897 0.002924 0.003972 0.004878 0.005455 0.005519 0.004931 0.003630 0.001660 -0.000818 -0.003543 -0.006188 -0.008412 -0.009923 -0.010524 -0.010156 -0.008899 -0.006958 -0.004621 -0.002205 0.000000 0.001772 0.002984 0.003610 0.003710 0.003402 0.002833 0.002146 0.001462 0.000864 0.000398 0.000074 -0.000120 -0.000211 -0.000231 -0.000207 -0.000165 -0.000118 
-0.000116 -0.000185 -0.000268 -0.000353 -0.000417 -0.000430 -0.000349 -0.000127 0.000277 0.000888 0.001700 0.002663 0.003674 0.004583 0.005205 0.005349 0.004855 0.003630 0.001686 -0.000844 -0.003713 -0.006587 -0.009096 -0.010898 -0.011741 -0.011508 -0.010243 -0.008135 -0.005488 -0.002660 0.000000 0.002205 0.003772 0.004635 0.004838 0.004507 0.003812 0.002933 0.002030 0.001218 0.000569 0.000107 -0.000178 -0.000317 -0.000352 -0.000321 -0.000259 -0.000189 -0.000126 
-0.000140 -0.000205 -0.000275 -0.000330 -0.000346 -0.000285 -0.000106 0.000233 0.000760 0.001477 0.002350 0.003293 0.004173 0.004814 0.005025 0.004633 0.003518 0.001660 -0.000844 -0.003772 -0.006796 -0.009532 -0.011601 -0.012695 -0.012640 -0.011427 -0.009218 -0.006317 -0.003109 0.000000 0.002660 0.004621 0.005769 0.006116 0.005787 0.004971 0.003886 0.002731 0.001665 0.000791 0.000151 -0.000255 -0.000462 -0.000520 -0.000482 -0.000395 -0.000293 -0.000198 -0.000121 
-0.000153 -0.000207 -0.000253 -0.000269 -0.000225 -0.000085 0.000190 0.000630 0.001244 0.002010 0.002861 0.003682 0.004315 0.004576 0.004284 0.003305 0.001584 -0.000818 -0.003713 -0.006796 -0.009683 -0.011969 -0.013304 -0.013455 -0.012355 -0.010124 -0.007047 -0.003523 0.000000 0.003109 0.005488 0.006958 0.007494 0.007202 0.006284 0.004989 0.003562 0.002206 0.001064 0.000207 -0.000353 -0.000651 -0.000745 -0.000702 -0.000584 -0.000440 -0.000302 -0.000187 -0.000102 
-0.000152 -0.000188 -0.000203 -0.000173 -0.000066 0.000150 0.000506 0.001015 0.001666 0.002409 0.003150 0.003749 0.004038 0.003841 0.003009 0.001465 -0.000769 -0.003543 -0.006587 -0.009532 -0.011969 -0.013514 -0.013882 -0.012948 -0.010777 -0.007619 -0.003870 0.000000 0.003523 0.006317 0.008135 0.008899 0.008687 0.007700 0.006210 0.004503 0.002833 0.001388 0.000274 -0.000476 -0.000890 -0.001034 -0.000990 -0.000837 -0.000640 -0.000446 -0.000281 -0.000156 -0.000071 
-0.000136 -0.000149 -0.000128 -0.000050 0.000115 0.000394 0.000803 0.001339 0.001966 0.002611 0.003157 0.003454 0.003337 0.002656 0.001313 -0.000700 -0.003277 -0.006188 -0.009096 -0.011601 -0.013304 -0.013882 -0.013152 -0.011119 -0.007985 -0.004119 0.000000 0.003870 0.007047 0.009218 0.010243 0.010156 0.009144 0.007490 0.005517 0.003526 0.001754 0.000352 -0.000620 -0.001178 -0.001391 -0.001353 -0.001161 -0.000902 -0.000638 -0.000408 -0.000230 -0.000106 -0.000029 
-0.000105 -0.000092 -0.000036 0.000086 0.000297 0.000616 0.001043 0.001556 0.002098 0.002577 0.002863 0.002810 0.002272 0.001141 -0.000618 -0.002937 -0.005634 -0.008412 -0.010898 -0.012695 -0.013455 -0.012948 -0.011119 -0.008111 -0.004250 0.000000 0.004119 0.007619 0.010124 0.011427 0.011508 0.010524 0.008757 0.006552 0.004253 0.002149 0.000438 -0.000784 -0.001513 -0.001814 -0.001792 -0.001563 -0.001233 -0.000886 -0.000576 -0.000330 -0.000154 -0.000043 0.000018 
-0.000065 -0.000026 0.000062 0.000218 0.000458 0.000787 0.001193 0.001634 0.002038 0.002301 0.002293 0.001883 0.000961 -0.000528 -0.002552 -0.004972 -0.007541 -0.009923 -0.011741 -0.012640 -0.012355 -0.010777 -0.007985 -0.004250 0.000000 0.004250 0.007985 0.010777 0.012355 0.012640 0.011741 0.009923 0.007541 0.004972 0.002552 0.000528 -0.000961 -0.001883 -0.002293 -0.002301 -0.002038 -0.001634 -0.001193 -0.000787 -0.000458 -0.000218 -0.000062 0.000026 0.000065 
-0.000018 0.000043 0.000154 0.000330 0.000576 0.000886 0.001233 0.001563 0.001792 0.001814 0.001513 0.000784 -0.000438 -0.002149 -0.004253 -0.006552 -0.008757 -0.010524 -0.011508 -0.011427 -0.010124 -0.007619 -0.004119 -0.000000 0.004250 0.008111 0.011119 0.012948 0.013455 0.012695 0.010898 0.008412 0.005634 0.002937 0.000618 -0.001141 -0.002272 -0.002810 -0.002863 -0.002577 -0.002098 -0.001556 -0.001043 -0.000616 -0.000297 -0.000086 0.000036 0.000092 0.000105 
0.000029 0.000106 0.000230 0.000408 0.000638 0.000902 0.001161 0.001353 0.001391 0.001178 0.000620 -0.000352 -0.001754 -0.003526 -0.005517 -0.007490 -0.009144 -0.010156 -0.010243 -0.009218 -0.007047 -0.003870 -0.000000 0.004119 0.007985 0.011119 0.013152 0.013882 0.013304 0.011601 0.009096 0.006188 0.003277 0.000700 -0.001313 -0.002656 -0.003337 -0.003454 -0.003157 -0.002611 -0.001966 -0.001339 -0.000803 -0.000394 -0.000115 0.000050 0.000128 0.000149 0.000136 
0.000071 0.000156 0.000281 0.000446 0.000640 0.000837 0.000990 0.001034 0.000890 0.000476 -0.000274 -0.001388 -0.002833 -0.004503 -0.006210 -0.007700 -0.008687 -0.008899 -0.008135 -0.006317 -0.003523 -0.000000 0.003870 0.007619 0.010777 0.012948 0.013882 0.013514 0.011969 0.009532 0.006587 0.003543 0.000769 -0.001465 -0.003009 -0.003841 -0.004038 -0.003749 -0.003150 -0.002409 -0.001666 -0.001015 -0.000506 -0.000150 0.000066 0.000173 0.000203 0.000188 0.000152 
0.000102 0.000187 0.000302 0.000440 0.000584 0.000702 0.000745 0.000651 0.000353 -0.000207 -0.001064 -0.002206 -0.003562 -0.004989 -0.006284 -0.007202 -0.007494 -0.006958 -0.005488 -0.003109 -0.000000 0.003523 0.007047 0.010124 0.012355 0.013455 0.013304 0.011969 0.009683 0.006796 0.003713 0.000818 -0.001584 -0.003305 -0.004284 -0.004576 -0.004315 -0.003682 -0.002861 -0.002010 -0.001244 -0.000630 -0.000190 0.000085 0.000225 0.000269 0.000253 0.000207 0.000153 
0.000121 0.000198 0.000293 0.000395 0.000482 0.000520 0.000462 0.000255 -0.000151 -0.000791 -0.001665 -0.002731 -0.003886 -0.004971 -0.005787 -0.006116 -0.005769 -0.004621 -0.002660 -0.000000 0.003109 0.006317 0.009218 0.011427 0.012640 0.012695 0.011601 0.009532 0.006796 0.003772 0.000844 -0.001660 -0.003518 -0.004633 -0.005025 -0.004814 -0.004173 -0.003293 -0.002350 -0.001477 -0.000760 -0.000233 0.000106 0.000285 0.000346 0.000330 0.000275 0.000205 0.000140 
0.000126 0.000189 0.000259 0.000321 0.000352 0.000317 0.000178 -0.000107 -0.000569 -0.001218 -0.002030 -0.002933 -0.003812 -0.004507 -0.004838 -0.004635 -0.003772 -0.002205 -0.000000 0.002660 0.005488 0.008135 0.010243 0.011508 0.011741 0.010898 0.009096 0.006587 0.003713 0.000844 -0.001686 -0.003630 -0.004855 -0.005349 -0.005205 -0.004583 -0.003674 -0.002663 -0.001700 -0.000888 -0.000277 0.000127 0.000349 0.000430 0.000417 0.000353 0.000268 0.000185 0.000116 
0.000118 0.000165 0.000207 0.000231 0.000211 0.000120 -0.000074 -0.000398 -0.000864 -0.001462 -0.002146 -0.002833 -0.003402 -0.003710 -0.003610 -0.002984 -0.001772 -0.000000 0.002205 0.004621 0.006958 0.008899 0.010156 0.010524 0.009923 0.008412 0.006188 0.003543 0.000818 -0.001660 -0.003630 -0.004931 -0.005519 -0.005455 -0.004878 -0.003972 -0.002924 -0.001897 -0.001006 -0.000318 0.000149 0.000415 0.000519 0.000511 0.000439 0.000339 0.000238 0.000152 0.000086 
0.000101 0.000130 0.000147 0.000136 0.000079 -0.000049 -0.000269 -0.000594 -0.001021 -0.001522 -0.002040 -0.002489 -0.002757 -0.002725 -0.002288 -0.001380 -0.000000 0.001772 0.003772 0.005769 0.007494 0.008687 0.009144 0.008757 0.007541 0.005634 0.003277 0.000769 -0.001584 -0.003518 -0.004855 -0.005519 -0.005541 -0.005033 -0.004163 -0.003113 -0.002051 -0.001105 -0.000355 0.000169 0.000477 0.000607 0.000607 0.000529 0.000415 0.000296 0.000192 0.000111 0.000054 
0.000079 0.000090 0.000085 0.000050 -0.000032 -0.000176 -0.000396 -0.000691 -0.001046 -0.001424 -0.001765 -0.001986 -0.001994 -0.001700 -0.001041 -0.000000 0.001380 0.002984 0.004635 0.006116 0.007202 0.007700 0.007490 0.006552 0.004972 0.002937 0.000700 -0.001465 -0.003305 -0.004633 -0.005349 -0.005455 -0.005033 -0.004228 -0.003212 -0.002149 -0.001176 -0.000384 0.000185 0.000532 0.000688 0.000699 0.000619 0.000493 0.000357 0.000235 0.000138 0.000068 0.000024 
0.000054 0.000052 0.000031 -0.000020 -0.000112 -0.000255 -0.000453 -0.000697 -0.000964 -0.001213 -0.001386 -0.001414 -0.001225 -0.000762 -0.000000 0.001041 0.002288 0.003610 0.004838 0.005787 0.006284 0.006210 0.005517 0.004253 0.002552 0.000618 -0.001313 -0.003009 -0.004284 -0.005025 -0.005205 -0.004878 -0.004163 -0.003212 -0.002183 -0.001214 -0.000403 0.000197 0.000575 0.000755 0.000780 0.000701 0.000567 0.000418 0.000279 0.000166 0.000084 0.000030 -0.000001 
0.000030 0.000018 -0.000012 -0.000069 -0.000160 -0.000288 -0.000450 -0.000632 -0.000808 -0.000938 -0.000972 -0.000855 -0.000540 -0.000000 0.000762 0.001700 0.002725 0.003710 0.004507 0.004971 0.004989 0.004503 0.003526 0.002149 0.000528 -0.001141 -0.002656 -0.003841 -0.004576 -0.004814 -0.004583 -0.003972 -0.003113 -0.002149 -0.001214 -0.000409 0.000204 0.000603 0.000804 0.000843 0.000770 0.000633 0.000474 0.000321 0.000194 0.000099 0.000036 -0.000002 -0.000020 
0.000011 -0.000007 -0.000041 -0.000097 -0.000177 -0.000281 -0.000402 -0.000522 -0.000615 -0.000647 -0.000578 -0.000371 -0.000000 0.000540 0.001225 0.001994 0.002757 0.003402 0.003812 0.003886 0.003562 0.002833 0.001754 0.000438 -0.000961 -0.002272 -0.003337 -0.004038 -0.004315 -0.004173 -0.003674 -0.002924 -0.002051 -0.001176 -0.000403 0.000204 0.000613 0.000829 0.000884 0.000820 0.000684 0.000520 0.000359 0.000220 0.000114 0.000042 -0.000002 -0.000024 -0.000030 
-0.000004 -0.000024 -0.000057 -0.000106 -0.000171 -0.000248 -0.000326 -0.000391 -0.000418 -0.000379 -0.000247 -0.000000 0.000371 0.000855 0.001414 0.001986 0.002489 0.002833 0.002933 0.002731 0.002206 0.001388 0.000352 -0.000784 -0.001883 -0.002810 -0.003454 -0.003749 -0.003682 -0.003293 -0.002663 -0.001897 -0.001105 -0.000384 0.000197 0.000603 0.000829 0.000898 0.000846 0.000717 0.000554 0.000388 0.000242 0.000128 0.000047 -0.000002 -0.000028 -0.000036 -0.000035 
-0.000013 -0.000032 -0.000061 -0.000100 -0.000148 -0.000198 -0.000241 -0.000261 -0.000241 -0.000160 -0.000000 0.000247 0.000578 0.000972 0.001386 0.001765 0.002040 0.002146 0.002030 0.001665 0.001064 0.000274 -0.000620 -0.001513 -0.002293 -0.002863 -0.003157 -0.003150 -0.002861 -0.002350 -0.001700 -0.001006 -0.000355 0.000185 0.000575 0.000804 0.000884 0.000846 0.000729 0.000571 0.000406 0.000258 0.000138 0.000052 -0.000002 -0.000031 -0.000042 -0.000041 -0.000034 
-0.000018 -0.000034 -0.000057 -0.000086 -0.000116 -0.000144 -0.000159 -0.000149 -0.000100 -0.000000 0.000160 0.000379 0.000647 0.000938 0.001213 0.001424 0.001522 0.001462 0.001218 0.000791 0.000207 -0.000476 -0.001178 -0.001814 -0.002301 -0.002577 -0.002611 -0.002409 -0.002010 -0.001477 -0.000888 -0.000318 0.000169 0.000532 0.000755 0.000843 0.000820 0.000717 0.000571 0.000413 0.000266 0.000145 0.000055 -0.000003 -0.000034 -0.000046 -0.000046 -0.000039 -0.000030 
-0.000019 -0.000032 -0.000048 -0.000066 -0.000083 -0.000093 -0.000089 -0.000061 -0.000000 0.000100 0.000241 0.000418 0.000615 0.000808 0.000964 0.001046 0.001021 0.000864 0.000569 0.000151 -0.000353 -0.000890 -0.001391 -0.001792 -0.002038 -0.002098 -0.001966 -0.001666 -0.001244 -0.000760 -0.000277 0.000149 0.000477 0.000688 0.000780 0.000770 0.000684 0.000554 0.000406 0.000266 0.000147 0.000057 -0.000003 -0.000037 -0.000050 -0.000051 -0.000044 -0.000033 -0.000023 
-0.000017 -0.000026 -0.000037 -0.000047 -0.000053 -0.000051 -0.000036 -0.000000 0.000061 0.000149 0.000261 0.000391 0.000522 0.000632 0.000697 0.000691 0.000594 0.000398 0.000107 -0.000255 -0.000651 -0.001034 -0.001353 -0.001563 -0.001634 -0.001556 -0.001339 -0.001015 -0.000630 -0.000233 0.000127 0.000415 0.000607 0.000699 0.000701 0.000633 0.000520 0.000388 0.000258 0.000145 0.000057 -0.000003 -0.000038 -0.000053 -0.000054 -0.000047 -0.000037 -0.000026 -0.000017 
-0.000014 -0.000020 -0.000025 -0.000029 -0.000029 -0.000020 -0.000000 0.000036 0.000089 0.000159 0.000241 0.000326 0.000402 0.000450 0.000453 0.000396 0.000269 0.000074 -0.000178 -0.000462 -0.000745 -0.000990 -0.001161 -0.001233 -0.001193 -0.001043 -0.000803 -0.000506 -0.000190 0.000106 0.000349 0.000519 0.000607 0.000619 0.000567 0.000474 0.000359 0.000242 0.000138 0.000055 -0.000003 -0.000038 -0.000054 -0.000056 -0.000049 -0.000039 -0.000028 -0.000018 -0.000011 
-0.000010 -0.000013 -0.000016 -0.000016 -0.000011 -0.000000 0.000020 0.000051 0.000093 0.000144 0.000198 0.000248 0.000281 0.000288 0.000255 0.000176 0.000049 -0.000120 -0.000317 -0.000520 -0.000702 -0.000837 -0.000902 -0.000886 -0.000787 -0.000616 -0.000394 -0.000150 0.000085 0.000285 0.000430 0.000511 0.000529 0.000493 0.000418 0.000321 0.000220 0.000128 0.000052 -0.000003 -0.000037 -0.000053 -0.000056 -0.000050 -0.000040 -0.000030 -0.000020 -0.000012 -0.000006 
-0.000007 -0.000008 -0.000008 -0.000006 -0.000000 0.000011 0.000029 0.000053 0.000083 0.000116 0.000148 0.000171 0.000177 0.000160 0.000112 0.000032 -0.000079 -0.000211 -0.000352 -0.000482 -0.000584 -0.000640 -0.000638 -0.000576 -0.000458 -0.000297 -0.000115 0.000066 0.000225 0.000346 0.000417 0.000439 0.000415 0.000357 0.000279 0.000194 0.000114 0.000047 -0.000002 -0.000034 -0.000050 -0.000054 -0.000049 -0.000040 -0.000030 -0.000020 -0.000012 -0.000006 -0.000003 
-0.000004 -0.000004 -0.000003 -0.000000 0.000006 0.000016 0.000029 0.000047 0.000066 0.000086 0.000100 0.000106 0.000097 0.000069 0.000020 -0.000050 -0.000136 -0.000231 -0.000321 -0.000395 -0.000440 -0.000446 -0.000408 -0.000330 -0.000218 -0.000086 0.000050 0.000173 0.000269 0.000330 0.000353 0.000339 0.000296 0.000235 0.000166 0.000099 0.000042 -0.000002 -0.000031 -0.000046 -0.000051 -0.000047 -0.000039 -0.000030 -0.000020 -0.000012 -0.000007 -0.000003 -0.000000 
-0.000002 -0.000002 -0.000000 0.000003 0.000008 0.000016 0.000025 0.000037 0.000048 0.000057 0.000061 0.000057 0.000041 0.000012 -0.000031 -0.000085 -0.000147 -0.000207 -0.000259 -0.000293 -0.000302 -0.000281 -0.000230 -0.000154 -0.000062 0.000036 0.000128 0.000203 0.000253 0.000275 0.000268 0.000238 0.000192 0.000138 0.000084 0.000036 -0.000002 -0.000028 -0.000042 -0.000046 -0.000044 -0.000037 -0.000028 -0.000020 -0.000012 -0.000007 -0.000003 -0.000000 0.000001 
-0.000001 -0.000000 0.000002 0.000004 0.000008 0.000013 0.000020 0.000026 0.000032 0.000034 0.000032 0.000024 0.000007 -0.000018 -0.000052 -0.000090 -0.000130 -0.000165 -0.000189 -0.000198 -0.000187 -0.000156 -0.000106 -0.000043 0.000026 0.000092 0.000149 0.000188 0.000207 0.000205 0.000185 0.000152 0.000111 0.000068 0.000030 -0.000002 -0.000024 -0.000036 -0.000041 -0.000039 -0.000033 -0.000026 -0.000018 -0.000012 -0.000006 -0.000003 -0.000000 0.000001 0.000001 
-0.000000 0.000001 0.000002 0.000004 0.000007 0.000010 0.000014 0.000017 0.000019 0.000018 0.000013 0.000004 -0.000011 -0.000030 -0.000054 -0.000079 -0.000101 -0.000118 -0.000126 -0.000121 -0.000102 -0.000071 -0.000029 0.000018 0.000065 0.000105 0.000136 0.000152 0.000153 0.000140 0.000116 0.000086 0.000054 0.000024 -0.000001 -0.000020 -0.000030 -0.000035 -0.000034 -0.000030 -0.000023 -0.000017 -0.000011 -0.000006 -0.000003 -0.000000 0.000001 0.000001 0.000001 
