-0.000021 0.000042 0.000374 0.000488 -0.000865 -0.002443 -0.001033 0.001634 0.001624 0.000171 -0.000299 -0.000109 0.000000 
0.000042 0.000480 0.000804 -0.001830 -0.006642 -0.003606 0.007322 0.009344 0.001262 -0.002837 -0.001332 0.000000 0.000109 
0.000374 0.000804 -0.002350 -0.010950 -0.007633 0.019902 0.032613 0.005656 -0.016329 -0.009842 0.000000 0.001332 0.000299 
0.000488 -0.001830 -0.010950 -0.009802 0.032813 0.069041 0.015374 -0.056993 -0.044109 0.000000 0.009842 0.002837 -0.000171 
-0.000865 -0.006642 -0.007633 0.032813 0.088650 0.025347 -0.120653 -0.119901 0.000000 0.044109 0.016329 -0.001262 -0.001624 
-0.002443 -0.003606 0.019902 0.069041 0.025347 -0.154922 -0.197683 0.000000 0.119901 0.056992 -0.005656 -0.009344 -0.001634 
-0.001033 0.007322 0.032613 0.015374 -0.120653 -0.197683 0.000000 0.197683 0.120653 -0.015374 -0.032613 -0.007322 0.001033 
0.001634 0.009344 0.005656 -0.056992 -0.119901 -0.000000 0.197683 0.154922 -0.025347 -0.069041 -0.019902 0.003606 0.002443 
0.001624 0.001262 -0.016329 -0.044109 -0.000000 0.119901 0.120653 -0.025347 -0.088650 -0.032813 0.007633 0.006642 0.000865 
0.000171 -0.002837 -0.009842 -0.000000 0.044109 0.056992 -0.015374 -0.069041 -0.032813 0.009802 0.010950 0.001830 -0.000488 
-0.000299 -0.001332 -0.000000 0.009842 0.016329 -0.005656 -0.032612 -0.019902 0.007633 0.010950 0.002350 -0.000804 -0.000374 
-0.000109 -0.000000 0.001332 0.002837 -0.001262 -0.009344 -0.007322 0.003606 0.006642 0.001830 -0.000804 -0.000480 -0.000042 
-0.000000 0.000109 0.000299 -0.000171 -0.001624 -0.001634 0.001033 0.002443 0.000865 -0.000488 -0.000374 -0.000042 0.000021 
