0.000022 0.000114 0.000039 -0.000765 -0.001458 0.000176 0.002558 0.001809 -0.000461 -0.000892 -0.000230 0.000053 0.000031 
0.000114 0.000050 -0.001261 -0.003086 0.000477 0.008928 0.008109 -0.002651 -0.006590 -0.002186 0.000649 0.000479 0.000053 
0.000039 -0.001261 -0.003963 0.000787 0.018901 0.022043 -0.009252 -0.029532 -0.012577 0.004798 0.004546 0.000649 -0.000230 
-0.000765 -0.003086 0.000787 0.024269 0.036343 -0.019586 -0.080277 -0.043899 0.021504 0.026160 0.004798 -0.002186 -0.000892 
-0.001458 0.000477 0.018901 0.036343 -0.025149 -0.132355 -0.092934 0.058454 0.091308 0.021504 -0.012577 -0.006590 -0.000461 
0.000176 0.008928 0.022043 -0.019586 -0.132355 -0.119330 0.096374 0.193300 0.058454 -0.043899 -0.029532 -0.002651 0.001809 
0.002558 0.008109 -0.009252 -0.080277 -0.092934 0.096374 0.248202 0.096374 -0.092934 -0.080277 -0.009252 0.008109 0.002558 
0.001809 -0.002651 -0.029532 -0.043899 0.058454 0.193300 0.096374 -0.119330 -0.132355 -0.019586 0.022043 0.008928 0.000176 
-0.000461 -0.006590 -0.012577 0.021504 0.091308 0.058454 -0.092934 -0.132355 -0.025149 0.036343 0.018901 0.000477 -0.001458 
-0.000892 -0.002186 0.004798 0.026160 0.021504 -0.043899 -0.080278 -0.019586 0.036343 0.024269 0.000787 -0.003086 -0.000765 
-0.000230 0.000649 0.004546 0.004798 -0.012577 -0.029532 -0.009252 0.022043 0.018901 0.000787 -0.003963 -0.001261 0.000039 
0.000053 0.000479 0.000649 -0.002186 -0.006590 -0.002651 0.008109 0.008928 0.000477 -0.003086 -0.001261 0.000050 0.000114 
0.000031 0.000053 -0.000230 -0.000892 -0.000461 0.001809 0.002558 0.000176 -0.001458 -0.000765 0.000039 0.000114 0.000022 
