-0.000005 -0.000003 0.000010 0.000043 0.000093 0.000136 0.000122 0.000005 -0.000216 -0.000466 -0.000611 -0.000542 -0.000258 0.000117 0.000408 0.000503 0.000406 0.000216 0.000043 -0.000054 -0.000075 -0.000055 -0.000027 -0.000008 0.000000 
-0.000003 0.000011 0.000049 0.000113 0.000174 0.000167 0.000008 -0.000335 -0.000768 -0.001072 -0.001013 -0.000514 0.000247 0.000920 0.001206 0.001037 0.000586 0.000124 -0.000165 -0.000245 -0.000192 -0.000102 -0.000033 0.000000 0.000008 
0.000010 0.000049 0.000120 0.000197 0.000201 0.000010 -0.000458 -0.001117 -0.001660 -0.001670 -0.000901 0.000461 0.001830 0.002554 0.002336 0.001407 0.000315 -0.000449 -0.000709 -0.000591 -0.000333 -0.000115 0.000000 0.000033 0.000027 
0.000043 0.000113 0.000197 0.000214 0.000011 -0.000552 -0.001435 -0.002269 -0.002429 -0.001396 0.000761 0.003212 0.004771 0.004646 0.002978 0.000711 -0.001076 -0.001811 -0.001607 -0.000964 -0.000355 0.000000 0.000115 0.000102 0.000055 
0.000093 0.000174 0.000201 0.000011 -0.000588 -0.001626 -0.002738 -0.003119 -0.001908 0.001107 0.004976 0.007866 0.008153 0.005564 0.001414 -0.002278 -0.004082 -0.003855 -0.002461 -0.000964 0.000000 0.000355 0.000333 0.000192 0.000075 
0.000136 0.000167 0.000010 -0.000552 -0.001626 -0.002914 -0.003535 -0.002302 0.001421 0.006801 0.011444 0.012628 0.009173 0.002482 -0.004255 -0.008118 -0.008161 -0.005545 -0.002314 0.000000 0.000964 0.000964 0.000591 0.000245 0.000054 
0.000122 0.000008 -0.000458 -0.001435 -0.002738 -0.003535 -0.002450 0.001610 0.008203 0.014695 0.017260 0.013347 0.003843 -0.007016 -0.014248 -0.015247 -0.011027 -0.004898 0.000000 0.002314 0.002461 0.001607 0.000709 0.000165 -0.000043 
0.000005 -0.000335 -0.001117 -0.002269 -0.003119 -0.002302 0.001610 0.008732 0.016651 0.020820 0.017138 0.005253 -0.010208 -0.022068 -0.025138 -0.019353 -0.009151 0.000000 0.004898 0.005545 0.003855 0.001811 0.000449 -0.000124 -0.000216 
-0.000216 -0.000768 -0.001660 -0.002429 -0.001908 0.001421 0.008203 0.016651 0.022162 0.019419 0.006337 -0.013108 -0.030163 -0.036575 -0.029975 -0.015087 0.000000 0.009151 0.011027 0.008161 0.004082 0.001076 -0.000315 -0.000586 -0.000406 
-0.000466 -0.001072 -0.001670 -0.001396 0.001107 0.006801 0.014695 0.020820 0.019419 0.006745 -0.014853 -0.036384 -0.046963 -0.040971 -0.021951 0.000000 0.015087 0.019353 0.015247 0.008118 0.002278 -0.000711 -0.001407 -0.001037 -0.000503 
-0.000611 -0.001013 -0.000901 0.000761 0.004976 0.011444 0.017260 0.017138 0.006337 -0.014853 -0.038730 -0.053217 -0.049421 -0.028186 0.000000 0.021951 0.029975 0.025138 0.014248 0.004255 -0.001414 -0.002978 -0.002336 -0.001206 -0.000408 
-0.000542 -0.000514 0.000461 0.003212 0.007866 0.012628 0.013347 0.005253 -0.013108 -0.036384 -0.053217 -0.052608 -0.031939 0.000000 0.028186 0.040971 0.036575 0.022068 0.007016 -0.002482 -0.005564 -0.004646 -0.002554 -0.000920 -0.000117 
-0.000258 0.000247 0.001830 0.004771 0.008153 0.009173 0.003843 -0.010208 -0.030163 -0.046963 -0.049421 -0.031939 0.000000 0.031939 0.049421 0.046963 0.030163 0.010208 -0.003843 -0.009173 -0.008153 -0.004771 -0.001830 -0.000247 0.000258 
0.000117 0.000920 0.002554 0.004646 0.005564 0.002482 -0.007016 -0.022068 -0.036575 -0.040971 -0.028186 -0.000000 0.031939 0.052608 0.053217 0.036384 0.013108 -0.005253 -0.013347 -0.012628 -0.007866 -0.003212 -0.000461 0.000514 0.000542 
0.000408 0.001206 0.002336 0.002978 0.001414 -0.004255 -0.014248 -0.025138 -0.029975 -0.021951 -0.000000 0.028186 0.049421 0.053217 0.038730 0.014853 -0.006337 -0.017138 -0.017260 -0.011444 -0.004976 -0.000761 0.000901 0.001013 0.000611 
0.000503 0.001037 0.001407 0.000711 -0.002278 -0.008118 -0.015247 -0.019353 -0.015087 -0.000000 0.021951 0.040971 0.046963 0.036384 0.014853 -0.006745 -0.019419 -0.020820 -0.014695 -0.006801 -0.001107 0.001396 0.001670 0.001072 0.000466 
0.000406 0.000586 0.000315 -0.001076 -0.004082 -0.008161 -0.011027 -0.009151 -0.000000 0.015087 0.029975 0.036575 0.030163 0.013108 -0.006337 -0.019419 -0.022162 -0.016651 -0.008203 -0.001421 0.001908 0.002429 0.001660 0.000768 0.000216 
0.000216 0.000124 -0.000449 -0.001811 -0.003855 -0.005545 -0.004898 -0.000000 0.009151 0.019353 0.025138 0.022068 0.010208 -0.005253 -0.017138 -0.020820 -0.016651 -0.008732 -0.001610 0.002302 0.003119 0.002269 0.001117 0.000335 -0.000005 
0.000043 -0.000165 -0.000709 -0.001607 -0.002461 -0.002314 -0.000000 0.004898 0.011027 0.015247 0.014248 0.007016 -0.003843 -0.013347 -0.017260 -0.014695 -0.008203 -0.001610 0.002450 0.003535 0.002738 0.001435 0.000458 -0.000008 -0.000122 
-0.000054 -0.000245 -0.000591 -0.000964 -0.000964 -0.000000 0.002314 0.005545 0.008161 0.008118 0.004255 -0.002482 -0.009173 -0.012628 -0.011444 -0.006801 -0.001421 0.002302 0.003535 0.002914 0.001626 0.000552 -0.000010 -0.000167 -0.000136 
-0.000075 -0.000192 -0.000333 -0.000355 -0.000000 0.000964 0.002461 0.003855 0.004082 0.002278 -0.001414 -0.005564 -0.008153 -0.007866 -0.004976 -0.001107 0.001908 0.003119 0.002738 0.001626 0.000588 -0.000011 -0.000201 -0.000174 -0.000093 
-0.000055 -0.000102 -0.000115 -0.000000 0.000355 0.000964 0.001607 0.001811 0.001076 -0.000711 -0.002978 -0.004646 -0.004771 -0.003212 -0.000761 0.001396 0.002429 0.002269 0.001435 0.000552 -0.000011 -0.000214 -0.000197 -0.000113 -0.000043 
-0.000027 -0.000033 -0.000000 0.000115 0.000333 0.000591 0.000709 0.000449 -0.000315 -0.001407 -0.002336 -0.002554 -0.001830 -0.000461 0.000901 0.001670 0.001660 0.001117 0.000458 -0.000010 -0.000201 -0.000197 -0.000120 -0.000049 -0.000010 
-0.000008 -0.000000 0.000033 0.000102 0.000192 0.000245 0.000165 -0.000124 -0.000586 -0.001037 -0.001206 -0.000920 -0.000247 0.000514 0.001013 0.001072 0.000768 0.000335 -0.000008 -0.000167 -0.000174 -0.000113 -0.000049 -0.000011 0.000003 
-0.000000 0.000008 0.000027 0.000055 0.000075 0.000054 -0.000043 -0.000216 -0.000406 -0.000503 -0.000408 -0.000117 0.000258 0.000542 0.000611 0.000466 0.000216 -0.000005 -0.000122 -0.000136 -0.000093 -0.000043 -0.000010 0.000003 0.000005 
