0.000002 0.000003 0.000003 0.000004 0.000003 0.000002 -0.000001 -0.000007 -0.000014 -0.000024 -0.000035 -0.000047 -0.000056 -0.000061 -0.000059 -0.000049 -0.000029 0.000000 0.000036 0.000075 0.000113 0.000144 0.000164 0.000170 0.000160 0.000135 0.000098 0.000055 0.000011 -0.000029 -0.000061 -0.000082 -0.000091 -0.000090 -0.000080 -0.000065 -0.000048 -0.000031 -0.000016 -0.000005 0.000002 0.000007 0.000008 0.000008 0.000007 0.000005 0.000004 0.000002 0.000001 
0.000003 0.000004 0.000005 0.000007 0.000007 0.000007 0.000003 -0.000003 -0.000013 -0.000026 -0.000044 -0.000063 -0.000082 -0.000096 -0.000103 -0.000099 -0.000080 -0.000047 0.000000 0.000057 0.000117 0.000172 0.000217 0.000243 0.000247 0.000229 0.000190 0.000137 0.000076 0.000015 -0.000039 -0.000080 -0.000105 -0.000115 -0.000112 -0.000098 -0.000078 -0.000057 -0.000036 -0.000019 -0.000006 0.000003 0.000007 0.000009 0.000009 0.000007 0.000006 0.000004 0.000002 
0.000003 0.000005 0.000008 0.000011 0.000013 0.000014 0.000012 0.000006 -0.000005 -0.000023 -0.000047 -0.000077 -0.000109 -0.000139 -0.000161 -0.000170 -0.000160 -0.000128 -0.000074 0.000000 0.000086 0.000175 0.000255 0.000315 0.000348 0.000349 0.000318 0.000260 0.000184 0.000100 0.000019 -0.000050 -0.000101 -0.000131 -0.000141 -0.000135 -0.000116 -0.000092 -0.000065 -0.000041 -0.000021 -0.000006 0.000003 0.000008 0.000010 0.000009 0.000008 0.000006 0.000004 
0.000004 0.000007 0.000011 0.000016 0.000021 0.000025 0.000026 0.000023 0.000012 -0.000009 -0.000040 -0.000082 -0.000131 -0.000182 -0.000229 -0.000262 -0.000272 -0.000252 -0.000198 -0.000112 0.000000 0.000128 0.000255 0.000365 0.000445 0.000483 0.000477 0.000428 0.000345 0.000240 0.000129 0.000024 -0.000062 -0.000123 -0.000158 -0.000168 -0.000157 -0.000134 -0.000104 -0.000073 -0.000045 -0.000023 -0.000007 0.000003 0.000008 0.000010 0.000009 0.000007 0.000005 
0.000003 0.000007 0.000013 0.000021 0.000030 0.000039 0.000046 0.000048 0.000041 0.000021 -0.000015 -0.000068 -0.000137 -0.000215 -0.000296 -0.000366 -0.000412 -0.000421 -0.000384 -0.000298 -0.000166 0.000001 0.000183 0.000359 0.000507 0.000608 0.000651 0.000632 0.000558 0.000442 0.000303 0.000160 0.000030 -0.000075 -0.000146 -0.000185 -0.000193 -0.000178 -0.000150 -0.000114 -0.000079 -0.000048 -0.000024 -0.000007 0.000003 0.000008 0.000010 0.000009 0.000007 
0.000002 0.000007 0.000014 0.000025 0.000039 0.000055 0.000071 0.000082 0.000084 0.000070 0.000035 -0.000025 -0.000112 -0.000222 -0.000344 -0.000465 -0.000567 -0.000628 -0.000632 -0.000568 -0.000433 -0.000237 0.000001 0.000254 0.000491 0.000682 0.000805 0.000848 0.000811 0.000705 0.000551 0.000372 0.000193 0.000035 -0.000087 -0.000169 -0.000209 -0.000215 -0.000196 -0.000162 -0.000122 -0.000083 -0.000049 -0.000024 -0.000007 0.000003 0.000008 0.000009 0.000008 
-0.000001 0.000003 0.000012 0.000026 0.000046 0.000071 0.000098 0.000124 0.000142 0.000143 0.000117 0.000058 -0.000041 -0.000179 -0.000349 -0.000533 -0.000710 -0.000851 -0.000928 -0.000920 -0.000814 -0.000611 -0.000329 0.000001 0.000342 0.000650 0.000890 0.001034 0.001073 0.001010 0.000864 0.000664 0.000441 0.000226 0.000041 -0.000099 -0.000188 -0.000230 -0.000233 -0.000209 -0.000169 -0.000125 -0.000084 -0.000049 -0.000024 -0.000007 0.000003 0.000007 0.000008 
-0.000007 -0.000003 0.000006 0.000023 0.000048 0.000082 0.000124 0.000170 0.000211 0.000237 0.000235 0.000191 0.000092 -0.000065 -0.000278 -0.000532 -0.000801 -0.001049 -0.001238 -0.001329 -0.001297 -0.001130 -0.000835 -0.000443 0.000002 0.000446 0.000835 0.001124 0.001287 0.001314 0.001218 0.001026 0.000777 0.000508 0.000256 0.000046 -0.000109 -0.000203 -0.000244 -0.000244 -0.000215 -0.000172 -0.000125 -0.000083 -0.000048 -0.000023 -0.000006 0.000003 0.000007 
-0.000014 -0.000013 -0.000005 0.000012 0.000041 0.000084 0.000142 0.000211 0.000284 0.000348 0.000385 0.000376 0.000300 0.000143 -0.000099 -0.000417 -0.000786 -0.001165 -0.001503 -0.001745 -0.001846 -0.001773 -0.001520 -0.001107 -0.000578 0.000002 0.000563 0.001039 0.001378 0.001552 0.001561 0.001424 0.001181 0.000880 0.000567 0.000281 0.000049 -0.000116 -0.000213 -0.000252 -0.000248 -0.000215 -0.000169 -0.000122 -0.000079 -0.000045 -0.000021 -0.000006 0.000002 
-0.000024 -0.000026 -0.000023 -0.000009 0.000021 0.000070 0.000143 0.000237 0.000348 0.000461 0.000556 0.000606 0.000582 0.000457 0.000215 -0.000146 -0.000607 -0.001126 -0.001643 -0.002086 -0.002386 -0.002484 -0.002349 -0.001983 -0.001421 -0.000731 0.000003 0.000690 0.001253 0.001636 0.001815 0.001796 0.001614 0.001318 0.000966 0.000613 0.000299 0.000052 -0.000119 -0.000216 -0.000252 -0.000244 -0.000209 -0.000162 -0.000114 -0.000073 -0.000041 -0.000019 -0.000005 
-0.000035 -0.000044 -0.000047 -0.000040 -0.000015 0.000035 0.000117 0.000235 0.000385 0.000556 0.000726 0.000861 0.000924 0.000874 0.000676 0.000313 -0.000210 -0.000856 -0.001563 -0.002245 -0.002807 -0.003160 -0.003239 -0.003016 -0.002506 -0.001769 -0.000896 0.000003 0.000819 0.001465 0.001883 0.002056 0.002004 0.001772 0.001425 0.001029 0.000642 0.000309 0.000052 -0.000119 -0.000213 -0.000244 -0.000233 -0.000196 -0.000150 -0.000104 -0.000065 -0.000036 -0.000016 
-0.000047 -0.000063 -0.000077 -0.000082 -0.000068 -0.000025 0.000058 0.000191 0.000376 0.000606 0.000861 0.001106 0.001293 0.001366 0.001271 0.000968 0.000441 -0.000291 -0.001170 -0.002104 -0.002975 -0.003661 -0.004058 -0.004095 -0.003754 -0.003071 -0.002133 -0.001064 0.000004 0.000943 0.001660 0.002101 0.002259 0.002167 0.001886 0.001493 0.001061 0.000652 0.000309 0.000052 -0.000116 -0.000203 -0.000230 -0.000215 -0.000178 -0.000134 -0.000092 -0.000057 -0.000031 
-0.000056 -0.000082 -0.000109 -0.000131 -0.000137 -0.000112 -0.000041 0.000092 0.000300 0.000582 0.000924 0.001293 0.001635 0.001881 0.001957 0.001793 0.001344 0.000603 -0.000392 -0.001550 -0.002744 -0.003820 -0.004628 -0.005050 -0.005017 -0.004528 -0.003646 -0.002494 -0.001224 0.000004 0.001052 0.001823 0.002271 0.002404 0.002271 0.001946 0.001517 0.001061 0.000642 0.000299 0.000049 -0.000109 -0.000188 -0.000209 -0.000193 -0.000157 -0.000116 -0.000078 -0.000048 
-0.000061 -0.000096 -0.000139 -0.000182 -0.000215 -0.000222 -0.000179 -0.000065 0.000143 0.000457 0.000874 0.001366 0.001881 0.002342 0.002653 0.002717 0.002450 0.001809 0.000798 -0.000511 -0.001991 -0.003468 -0.004753 -0.005671 -0.006092 -0.005958 -0.005293 -0.004197 -0.002826 -0.001366 0.000005 0.001138 0.001941 0.002380 0.002481 0.002306 0.001946 0.001493 0.001029 0.000613 0.000281 0.000046 -0.000099 -0.000169 -0.000185 -0.000168 -0.000135 -0.000098 -0.000065 
-0.000059 -0.000103 -0.000161 -0.000229 -0.000296 -0.000344 -0.000349 -0.000278 -0.000099 0.000215 0.000676 0.001271 0.001957 0.002653 0.003252 0.003626 0.003656 0.003246 0.002359 0.001025 -0.000646 -0.002478 -0.004250 -0.005734 -0.006734 -0.007122 -0.006858 -0.005998 -0.004682 -0.003104 -0.001477 0.000005 0.001192 0.002002 0.002418 0.002481 0.002271 0.001886 0.001425 0.000966 0.000567 0.000256 0.000041 -0.000087 -0.000146 -0.000158 -0.000141 -0.000112 -0.000080 
-0.000049 -0.000099 -0.000170 -0.000262 -0.000366 -0.000465 -0.000533 -0.000532 -0.000417 -0.000146 0.000313 0.000968 0.001793 0.002717 0.003626 0.004376 0.004804 0.004768 0.004168 0.002982 0.001276 -0.000792 -0.002989 -0.005046 -0.006704 -0.007751 -0.008070 -0.007651 -0.006588 -0.005063 -0.003304 -0.001547 0.000005 0.001211 0.002002 0.002380 0.002404 0.002167 0.001772 0.001318 0.000880 0.000508 0.000226 0.000035 -0.000075 -0.000123 -0.000131 -0.000115 -0.000090 
-0.000029 -0.000080 -0.000160 -0.000272 -0.000412 -0.000567 -0.000710 -0.000801 -0.000786 -0.000607 -0.000210 0.000441 0.001344 0.002450 0.003656 0.004804 0.005707 0.006169 0.006027 0.005187 0.003653 0.001539 -0.000940 -0.003494 -0.005808 -0.007596 -0.008647 -0.008864 -0.008272 -0.007013 -0.005305 -0.003409 -0.001572 0.000005 0.001192 0.001941 0.002271 0.002259 0.002004 0.001614 0.001181 0.000777 0.000441 0.000193 0.000030 -0.000062 -0.000101 -0.000105 -0.000091 
0.000000 -0.000047 -0.000128 -0.000252 -0.000421 -0.000628 -0.000851 -0.001049 -0.001165 -0.001126 -0.000856 -0.000291 0.000603 0.001809 0.003246 0.004768 0.006169 0.007214 0.007677 0.007385 0.006257 0.004338 0.001799 -0.001082 -0.003959 -0.006480 -0.008343 -0.009350 -0.009435 -0.008669 -0.007235 -0.005389 -0.003409 -0.001547 0.000005 0.001138 0.001823 0.002101 0.002056 0.001796 0.001424 0.001026 0.000664 0.000372 0.000160 0.000024 -0.000050 -0.000080 -0.000082 
0.000036 0.000000 -0.000074 -0.000198 -0.000384 -0.000632 -0.000928 -0.001238 -0.001503 -0.001643 -0.001563 -0.001170 -0.000392 0.000798 0.002359 0.004168 0.006027 0.007677 0.008839 0.009260 0.008769 0.007316 0.004994 0.002039 -0.001207 -0.004348 -0.007006 -0.008881 -0.009798 -0.009735 -0.008806 -0.007235 -0.005305 -0.003304 -0.001477 0.000005 0.001052 0.001660 0.001883 0.001815 0.001561 0.001218 0.000864 0.000551 0.000303 0.000129 0.000019 -0.000039 -0.000061 
0.000075 0.000057 0.000000 -0.000112 -0.000298 -0.000568 -0.000920 -0.001329 -0.001745 -0.002086 -0.002245 -0.002104 -0.001550 -0.000511 0.001025 0.002982 0.005187 0.007385 0.009260 0.010496 0.010826 0.010093 0.008290 0.005571 0.002239 -0.001305 -0.004629 -0.007343 -0.009163 -0.009953 -0.009735 -0.008669 -0.007013 -0.005063 -0.003104 -0.001366 0.000004 0.000943 0.001465 0.001636 0.001552 0.001314 0.001010 0.000705 0.000442 0.000240 0.000100 0.000015 -0.000029 
0.000113 0.000117 0.000086 0.000000 -0.000166 -0.000433 -0.000814 -0.001297 -0.001846 -0.002386 -0.002807 -0.002975 -0.002744 -0.001991 -0.000646 0.001276 0.003653 0.006257 0.008769 0.010826 0.012081 0.012268 0.011260 0.009104 0.006023 0.002383 -0.001368 -0.004776 -0.007458 -0.009163 -0.009798 -0.009435 -0.008272 -0.006588 -0.004682 -0.002826 -0.001224 0.000004 0.000819 0.001253 0.001378 0.001287 0.001073 0.000811 0.000558 0.000345 0.000184 0.000076 0.000011 
0.000144 0.000172 0.000175 0.000128 0.000001 -0.000237 -0.000611 -0.001130 -0.001773 -0.002484 -0.003160 -0.003661 -0.003820 -0.003468 -0.002478 -0.000792 0.001539 0.004338 0.007316 0.010093 0.012268 0.013478 0.013474 0.012175 0.009691 0.006312 0.002459 -0.001389 -0.004776 -0.007343 -0.008881 -0.009350 -0.008864 -0.007651 -0.005998 -0.004197 -0.002494 -0.001064 0.000003 0.000690 0.001039 0.001124 0.001034 0.000848 0.000632 0.000428 0.000260 0.000137 0.000055 
0.000164 0.000217 0.000255 0.000255 0.000183 0.000001 -0.000329 -0.000835 -0.001520 -0.002349 -0.003239 -0.004058 -0.004628 -0.004753 -0.004250 -0.002989 -0.000940 0.001799 0.004994 0.008290 0.011260 0.013474 0.014573 0.014343 0.012759 0.009999 0.006412 0.002459 -0.001368 -0.004629 -0.007006 -0.008343 -0.008647 -0.008070 -0.006858 -0.005293 -0.003646 -0.002133 -0.000896 0.000003 0.000563 0.000835 0.000890 0.000805 0.000651 0.000477 0.000318 0.000190 0.000098 
0.000170 0.000243 0.000315 0.000365 0.000359 0.000254 0.000001 -0.000443 -0.001107 -0.001983 -0.003016 -0.004095 -0.005050 -0.005671 -0.005734 -0.005046 -0.003494 -0.001082 0.002039 0.005571 0.009104 0.012175 0.014343 0.015272 0.014798 0.012960 0.009999 0.006312 0.002383 -0.001305 -0.004348 -0.006480 -0.007596 -0.007751 -0.007122 -0.005958 -0.004528 -0.003071 -0.001769 -0.000731 0.000002 0.000446 0.000650 0.000682 0.000608 0.000483 0.000349 0.000229 0.000135 
0.000160 0.000247 0.000348 0.000445 0.000507 0.000491 0.000342 0.000002 -0.000578 -0.001421 -0.002506 -0.003754 -0.005017 -0.006092 -0.006734 -0.006704 -0.005808 -0.003959 -0.001207 0.002239 0.006023 0.009691 0.012759 0.014798 0.015513 0.014798 0.012759 0.009691 0.006023 0.002239 -0.001207 -0.003959 -0.005808 -0.006704 -0.006734 -0.006092 -0.005017 -0.003754 -0.002506 -0.001421 -0.000578 0.000002 0.000342 0.000491 0.000507 0.000445 0.000348 0.000247 0.000160 
0.000135 0.000229 0.000349 0.000483 0.000608 0.000682 0.000650 0.000446 0.000002 -0.000731 -0.001769 -0.003071 -0.004528 -0.005958 -0.007122 -0.007751 -0.007596 -0.006480 -0.004348 -0.001305 0.002383 0.006312 0.009999 0.012960 0.014798 0.015272 0.014343 0.012175 0.009104 0.005571 0.002039 -0.001082 -0.003494 -0.005046 -0.005734 -0.005671 -0.005050 -0.004095 -0.003016 -0.001983 -0.001107 -0.000443 0.000001 0.000254 0.000359 0.000365 0.000315 0.000243 0.000170 
0.000098 0.000190 0.000318 0.000477 0.000651 0.000805 0.000890 0.000835 0.000563 0.000003 -0.000896 -0.002133 -0.003646 -0.005293 -0.006858 -0.008070 -0.008647 -0.008343 -0.007006 -0.004629 -0.001368 0.002459 0.006412 0.009999 0.012759 0.014343 0.014573 0.013474 0.011260 0.008290 0.004994 0.001799 -0.000940 -0.002989 -0.004250 -0.004753 -0.004628 -0.004058 -0.003239 -0.002349 -0.001520 -0.000835 -0.000329 0.000001 0.000183 0.000255 0.000255 0.000217 0.000164 
0.000055 0.000137 0.000260 0.000428 0.000632 0.000848 0.001034 0.001124 0.001039 0.000690 0.000003 -0.001064 -0.002494 -0.004197 -0.005998 -0.007651 -0.008864 -0.009350 -0.008881 -0.007343 -0.004776 -0.001389 0.002459 0.006312 0.009691 0.012175 0.013474 0.013478 0.012268 0.010093 0.007316 0.004338 0.001539 -0.000792 -0.002478 -0.003468 -0.003820 -0.003661 -0.003160 -0.002484 -0.001773 -0.001130 -0.000611 -0.000237 0.000001 0.000128 0.000175 0.000172 0.000144 
0.000011 0.000076 0.000184 0.000345 0.000558 0.000811 0.001073 0.001287 0.001378 0.001253 0.000819 0.000004 -0.001224 -0.002826 -0.004682 -0.006588 -0.008272 -0.009435 -0.009798 -0.009163 -0.007458 -0.004776 -0.001368 0.002383 0.006023 0.009104 0.011260 0.012268 0.012081 0.010826 0.008769 0.006257 0.003653 0.001276 -0.000646 -0.001991 -0.002744 -0.002975 -0.002807 -0.002386 -0.001846 -0.001297 -0.000814 -0.000433 -0.000166 0.000000 0.000086 0.000117 0.000113 
-0.000029 0.000015 0.000100 0.000240 0.000442 0.000705 0.001010 0.001314 0.001552 0.001636 0.001465 0.000943 0.000004 -0.001366 -0.003104 -0.005063 -0.007013 -0.008669 -0.009735 -0.009953 -0.009163 -0.007343 -0.004629 -0.001305 0.002239 0.005571 0.008290 0.010093 0.010826 0.010496 0.009260 0.007385 0.005187 0.002982 0.001025 -0.000511 -0.001550 -0.002104 -0.002245 -0.002086 -0.001745 -0.001329 -0.000920 -0.000568 -0.000298 -0.000112 0.000000 0.000057 0.000075 
-0.000061 -0.000039 0.000019 0.000129 0.000303 0.000551 0.000864 0.001218 0.001561 0.001815 0.001883 0.001660 0.001052 0.000005 -0.001477 -0.003304 -0.005305 -0.007235 -0.008806 -0.009735 -0.009798 -0.008881 -0.007006 -0.004348 -0.001207 0.002039 0.004994 0.007316 0.008769 0.009260 0.008839 0.007677 0.006027 0.004168 0.002359 0.000798 -0.000392 -0.001170 -0.001563 -0.001643 -0.001503 -0.001238 -0.000928 -0.000632 -0.000384 -0.000198 -0.000074 0.000000 0.000036 
-0.000082 -0.000080 -0.000050 0.000024 0.000160 0.000372 0.000664 0.001026 0.001424 0.001796 0.002056 0.002101 0.001823 0.001138 0.000005 -0.001547 -0.003409 -0.005389 -0.007235 -0.008669 -0.009435 -0.009350 -0.008343 -0.006480 -0.003959 -0.001082 0.001799 0.004338 0.006257 0.007385 0.007677 0.007214 0.006169 0.004768 0.003246 0.001809 0.000603 -0.000291 -0.000856 -0.001126 -0.001165 -0.001049 -0.000851 -0.000628 -0.000421 -0.000252 -0.000128 -0.000047 0.000000 
-0.000091 -0.000105 -0.000101 -0.000062 0.000030 0.000193 0.000441 0.000777 0.001181 0.001614 0.002004 0.002259 0.002271 0.001941 0.001192 0.000005 -0.001572 -0.003409 -0.005305 -0.007013 -0.008272 -0.008864 -0.008647 -0.007596 -0.005808 -0.003494 -0.000940 0.001539 0.003653 0.005187 0.006027 0.006169 0.005707 0.004804 0.003656 0.002450 0.001344 0.000441 -0.000210 -0.000607 -0.000786 -0.000801 -0.000710 -0.000567 -0.000412 -0.000272 -0.000160 -0.000080 -0.000029 
-0.000090 -0.000115 -0.000131 -0.000123 -0.000075 0.000035 0.000226 0.000508 0.000880 0.001318 0.001772 0.002167 0.002404 0.002380 0.002002 0.001211 0.000005 -0.001547 -0.003304 -0.005063 -0.006588 -0.007651 -0.008070 -0.007751 -0.006704 -0.005046 -0.002989 -0.000792 0.001276 0.002982 0.004168 0.004768 0.004804 0.004376 0.003626 0.002717 0.001793 0.000968 0.000313 -0.000146 -0.000417 -0.000532 -0.000533 -0.000465 -0.000366 -0.000262 -0.000170 -0.000099 -0.000049 
-0.000080 -0.000112 -0.000141 -0.000158 -0.000146 -0.000087 0.000041 0.000256 0.000567 0.000966 0.001425 0.001886 0.002271 0.002481 0.002418 0.002002 0.001192 0.000005 -0.001477 -0.003104 -0.004682 -0.005998 -0.006858 -0.007122 -0.006734 -0.005734 -0.004250 -0.002478 -0.000646 0.001025 0.002359 0.003246 0.003656 0.003626 0.003252 0.002653 0.001957 0.001271 0.000676 0.000215 -0.000099 -0.000278 -0.000349 -0.000344 -0.000296 -0.000229 -0.000161 -0.000103 -0.000059 
-0.000065 -0.000098 -0.000135 -0.000168 -0.000185 -0.000169 -0.000099 0.000046 0.000281 0.000613 0.001029 0.001493 0.001946 0.002306 0.002481 0.002380 0.001941 0.001138 0.000005 -0.001366 -0.002826 -0.004197 -0.005293 -0.005958 -0.006092 -0.005671 -0.004753 -0.003468 -0.001991 -0.000511 0.000798 0.001809 0.002450 0.002717 0.002653 0.002342 0.001881 0.001366 0.000874 0.000457 0.000143 -0.000065 -0.000179 -0.000222 -0.000215 -0.000182 -0.000139 -0.000096 -0.000061 
-0.000048 -0.000078 -0.000116 -0.000157 -0.000193 -0.000209 -0.000188 -0.000109 0.000049 0.000299 0.000642 0.001061 0.001517 0.001946 0.002271 0.002404 0.002271 0.001823 0.001052 0.000004 -0.001224 -0.002494 -0.003646 -0.004528 -0.005017 -0.005050 -0.004628 -0.003820 -0.002744 -0.001550 -0.000392 0.000603 0.001344 0.001793 0.001957 0.001881 0.001635 0.001293 0.000924 0.000582 0.000300 0.000092 -0.000041 -0.000112 -0.000137 -0.000131 -0.000109 -0.000082 -0.000056 
-0.000031 -0.000057 -0.000092 -0.000134 -0.000178 -0.000215 -0.000230 -0.000203 -0.000116 0.000052 0.000309 0.000652 0.001061 0.001493 0.001886 0.002167 0.002259 0.002101 0.001660 0.000943 0.000004 -0.001064 -0.002133 -0.003071 -0.003754 -0.004095 -0.004058 -0.003661 -0.002975 -0.002104 -0.001170 -0.000291 0.000441 0.000968 0.001271 0.001366 0.001293 0.001106 0.000861 0.000606 0.000376 0.000191 0.000058 -0.000025 -0.000068 -0.000082 -0.000077 -0.000063 -0.000047 
-0.000016 -0.000036 -0.000065 -0.000104 -0.000150 -0.000196 -0.000233 -0.000244 -0.000213 -0.000119 0.000052 0.000309 0.000642 0.001029 0.001425 0.001772 0.002004 0.002056 0.001883 0.001465 0.000819 0.000003 -0.000896 -0.001769 -0.002506 -0.003016 -0.003239 -0.003160 -0.002807 -0.002245 -0.001563 -0.000856 -0.000210 0.000313 0.000676 0.000874 0.000924 0.000861 0.000726 0.000556 0.000385 0.000235 0.000117 0.000035 -0.000015 -0.000040 -0.000047 -0.000044 -0.000035 
-0.000005 -0.000019 -0.000041 -0.000073 -0.000114 -0.000162 -0.000209 -0.000244 -0.000252 -0.000216 -0.000119 0.000052 0.000299 0.000613 0.000966 0.001318 0.001614 0.001796 0.001815 0.001636 0.001253 0.000690 0.000003 -0.000731 -0.001421 -0.001983 -0.002349 -0.002484 -0.002386 -0.002086 -0.001643 -0.001126 -0.000607 -0.000146 0.000215 0.000457 0.000582 0.000606 0.000556 0.000461 0.000348 0.000237 0.000143 0.000070 0.000021 -0.000009 -0.000023 -0.000026 -0.000024 
0.000002 -0.000006 -0.000021 -0.000045 -0.000079 -0.000122 -0.000169 -0.000215 -0.000248 -0.000252 -0.000213 -0.000116 0.000049 0.000281 0.000567 0.000880 0.001181 0.001424 0.001561 0.001552 0.001378 0.001039 0.000563 0.000002 -0.000578 -0.001107 -0.001520 -0.001773 -0.001846 -0.001745 -0.001503 -0.001165 -0.000786 -0.000417 -0.000099 0.000143 0.000300 0.000376 0.000385 0.000348 0.000284 0.000211 0.000142 0.000084 0.000041 0.000012 -0.000005 -0.000013 -0.000014 
0.000007 0.000003 -0.000006 -0.000023 -0.000048 -0.000083 -0.000125 -0.000172 -0.000215 -0.000244 -0.000244 -0.000203 -0.000109 0.000046 0.000256 0.000508 0.000777 0.001026 0.001218 0.001314 0.001287 0.001124 0.000835 0.000446 0.000002 -0.000443 -0.000835 -0.001130 -0.001297 -0.001329 -0.001238 -0.001049 -0.000801 -0.000532 -0.000278 -0.000065 0.000092 0.000191 0.000235 0.000237 0.000211 0.000170 0.000124 0.000082 0.000048 0.000023 0.000006 -0.000003 -0.000007 
0.000008 0.000007 0.000003 -0.000007 -0.000024 -0.000049 -0.000084 -0.000125 -0.000169 -0.000209 -0.000233 -0.000230 -0.000188 -0.000099 0.000041 0.000226 0.000441 0.000664 0.000864 0.001010 0.001073 0.001034 0.000890 0.000650 0.000342 0.000001 -0.000329 -0.000611 -0.000814 -0.000920 -0.000928 -0.000851 -0.000710 -0.000533 -0.000349 -0.000179 -0.000041 0.000058 0.000117 0.000143 0.000142 0.000124 0.000098 0.000071 0.000046 0.000026 0.000012 0.000003 -0.000001 
0.000008 0.000009 0.000008 0.000003 -0.000007 -0.000024 -0.000049 -0.000083 -0.000122 -0.000162 -0.000196 -0.000215 -0.000209 -0.000169 -0.000087 0.000035 0.000193 0.000372 0.000551 0.000705 0.000811 0.000848 0.000805 0.000682 0.000491 0.000254 0.000001 -0.000237 -0.000433 -0.000568 -0.000632 -0.000628 -0.000567 -0.000465 -0.000344 -0.000222 -0.000112 -0.000025 0.000035 0.000070 0.000084 0.000082 0.000071 0.000055 0.000039 0.000025 0.000014 0.000007 0.000002 
0.000007 0.000009 0.000010 0.000008 0.000003 -0.000007 -0.000024 -0.000048 -0.000079 -0.000114 -0.000150 -0.000178 -0.000193 -0.000185 -0.000146 -0.000075 0.000030 0.000160 0.000303 0.000442 0.000558 0.000632 0.000651 0.000608 0.000507 0.000359 0.000183 0.000001 -0.000166 -0.000298 -0.000384 -0.000421 -0.000412 -0.000366 -0.000296 -0.000215 -0.000137 -0.000068 -0.000015 0.000021 0.000041 0.000048 0.000046 0.000039 0.000030 0.000021 0.000013 0.000007 0.000003 
0.000005 0.000007 0.000009 0.000010 0.000008 0.000003 -0.000007 -0.000023 -0.000045 -0.000073 -0.000104 -0.000134 -0.000157 -0.000168 -0.000158 -0.000123 -0.000062 0.000024 0.000129 0.000240 0.000345 0.000428 0.000477 0.000483 0.000445 0.000365 0.000255 0.000128 0.000000 -0.000112 -0.000198 -0.000252 -0.000272 -0.000262 -0.000229 -0.000182 -0.000131 -0.000082 -0.000040 -0.000009 0.000012 0.000023 0.000026 0.000025 0.000021 0.000016 0.000011 0.000007 0.000004 
0.000004 0.000006 0.000008 0.000009 0.000010 0.000008 0.000003 -0.000006 -0.000021 -0.000041 -0.000065 -0.000092 -0.000116 -0.000135 -0.000141 -0.000131 -0.000101 -0.000050 0.000019 0.000100 0.000184 0.000260 0.000318 0.000349 0.000348 0.000315 0.000255 0.000175 0.000086 0.000000 -0.000074 -0.000128 -0.000160 -0.000170 -0.000161 -0.000139 -0.000109 -0.000077 -0.000047 -0.000023 -0.000005 0.000006 0.000012 0.000014 0.000013 0.000011 0.000008 0.000005 0.000003 
0.000002 0.000004 0.000006 0.000007 0.000009 0.000009 0.000007 0.000003 -0.000006 -0.000019 -0.000036 -0.000057 -0.000078 -0.000098 -0.000112 -0.000115 -0.000105 -0.000080 -0.000039 0.000015 0.000076 0.000137 0.000190 0.000229 0.000247 0.000243 0.000217 0.000172 0.000117 0.000057 0.000000 -0.000047 -0.000080 -0.000099 -0.000103 -0.000096 -0.000082 -0.000063 -0.000044 -0.000026 -0.000013 -0.000003 0.000003 0.000007 0.000007 0.000007 0.000005 0.000004 0.000003 
0.000001 0.000002 0.000004 0.000005 0.000007 0.000008 0.000008 0.000007 0.000002 -0.000005 -0.000016 -0.000031 -0.000048 -0.000065 -0.000080 -0.000090 -0.000091 -0.000082 -0.000061 -0.000029 0.000011 0.000055 0.000098 0.000135 0.000160 0.000170 0.000164 0.000144 0.000113 0.000075 0.000036 0.000000 -0.000029 -0.000049 -0.000059 -0.000061 -0.000056 -0.000047 -0.000035 -0.000024 -0.000014 -0.000007 -0.000001 0.000002 0.000003 0.000004 0.000003 0.000003 0.000002 
